KEYWORD
supply chain issues
container ship
nave industrial
online stores
home delivery
online buying
online retailers
dms
western sanctions
home delivery orders
shopping experience
msc
shopping online
online retailer
electronic commerce
storage solutions
tracking information
ceva
economic sanctions
geolocation
lorry drivers
supply chain management
sealand
next day shipping
bcp
tracking system
delivery service
moda sostenible
return policy
e commerce
hgv drivers
post brexit
ecommerce
sku
storage facility
customs agents
logistique
new sanctions
oil price
distribution centre
supply chain crisis
couriers
labour costs
special delivery
international sanctions
eu sanctions
online order
storage solution
grocery chain
cma
storage facilities
online purchases
lorry driver shortage
next day delivery
day delivery service
rcm
servizi logistici
online orders
global supply chain issues
delivery costs
warehouse workers
food delivery
us sanctions
parcel deliveries
processing time
warehousing
transport maritime
small parcels
tracking number
transportation costs
driver shortages
logistik
cold chain
cold storage
hapag lloyd
new warehouse
ens
third party logistics companies
logistical problems
drop shipping
agentes aduaneros
free shipping
gemelo digital
delivery vans
distribution network
global shipping
delivery delays
electric car batteries
d2c
heavy cargo
sps
fuel price
sustainable practices
driver shortage
opr
online retail
delivery charges
distribution hubs
transport costs
long term storage
maersk
sustainable fashion
procurement process
delivery time
food handling
logistical difficulties
high fuel prices
online selling
polo logistico
schenker
russian sanctions
online purchase
servizio doganale
exs
e commerce sites
late deliveries
transport solutions
last mile
almacenes temporales
freight services
new containers
distribution facilities
large container
customs duties
home delivery service
warehouse space
distribution centres
supply chain shortages
supply chain disruptions
slow fashion
delivery times
storage spaces
delivery options
supply chain disruption
ap moller maersk
fast fashion industry
blockchain technology
logistical challenge
warehouse company
border checkpoint
small packages
retail returns
distribution center
intermodal freight transport
shanghai lockdown
skus
dhl freight
export restrictions
store shopping experience
incoterms
twill
third party logistics
air freight
new warehouses
stock shortages
russian crude oil
freight transport
logistical issues
fashion retailers
seatrade maritime
online returns
cold store
large containers
critical logistics
supply shortages
distribution hub
returned goods
ead
wheat exports
parcel delivery
pharmaceutical supply chain
transport truck
inventory management
logistics company
logistical challenges
distribution warehouse
warehouse management system
supply chain businesses
empty containers
distribution centers
kgh
supply chain challenges
air cargo
enterprise resource planning
freight containers
trade restrictions
border control post
digital twin
real time stock
ced
cross border services
existing warehouse
return policies
vat tax
long lead times
xpo
tracking technologies
european union sanctions
inventory control
autotrasporto merci
dsv
freighters
aeo
db schenker
unexpected disruptions
delivery capabilities
freight forwarders
factory closures
fmcg supply chain
circular fashion
maritime trade
freight costs
supply chain pressures
transport service
intermodal container
large warehouses
secure storage
scm
spedizioni internazionali
retail warehouses
controllo doganale
russia sanctions
shippers
local sourcing
digital process
logistics providers
full inventory
filiera controllata
customs data
intermodal containers
forwarding agent
omnichannel fulfilment
container shipping
customs clearances
fulfilment network
logistikzentrum
freightliner
shopping experiences
cct
piattaforma logistica
parcel delivery services
logistieke dienstverlening
cosco group
e commerce business
trasporti intermodali
supply chain partners
transportation infrastructure
carrier aircraft
container terminal
moller maersk
logistiek centrum
customs process
resilient supply chains
sustainability initiatives
apparel manufacturing
filiera agroalimentare
logistics infrastructure
customs fees
customs agent
cargo transport
warehouse management
courier services
umsatzsteuer identifikationsnummer
special cargo
global supply chain disruptions
frozen goods
charter operations
operatori logistici
fulfillment network
distribution services
fast moving consumer goods
warehouse facilities
returns policy
distribution partners
soluzioni logistiche
last mile delivery services
supply disruption
cross border trade
import duty
food supply chains
dropshipping
sustainability strategy
cargo shipments
running containers
delivery cost
transportation routes
contract logistics
distribution networks
food supply chain
freezer containers
final mile
quality warehousing
easy returns
near shoring
produce products
e2e
storage warehouse
cargo services
textile production
sustainable sourcing
cosco
transportation method
multi channel
maersk line
order tracking
2pl
partner logistico
logistics companies
refrigerated storage
ecommerce business
sea freight
supply shocks
tracking capabilities
next day service
next day delivery options
store warehouse
temperature sensitive
dichiarazione doganale
supply chain optimization
fashion sustainability
warehouse spaces
warehouse facility
supermarket delivery
cargo containers
global supply chain disruption
component suppliers
process orders
storage management
shipping delays
covid 19 disruptions
recommerce
brexit deal
luftfracht
real time location
efficient supply chain
cargo carrier
storage services
sfd
logistics solutions
ukrainian truck drivers
better inventory management
parcel delivery company
short term storage
empty shipping container
gestione magazzino
logistics warehouses
customs clearance
supply chain transparency
cpg
real time view
e commerce operations
bulk cargo
transport intermodal
third party service provider
soluzione logistica
customs checks
import tax
multi stop routing
ecommerce experience
supply chain costs
global supply chain crisis
warehouse management systems
supply chain bottlenecks
eco friendly packaging
stock keeping units
electronic data interchange
rising inflation
logistics partners
cargo delivery
brexit withdrawal agreement
logistiques
procedure doganali
full traceability
warehouse store
logistics services
omnichannel customer experience
freight transportation
full container load
customs declarations
logistics issues
vaccine distribution
ebl
transport cargo
e com
fret maritime
arkas
customs services
ethical fashion
transport cost
supply shortage
sistemi logistici
cross border payments
autonomous ships
port congestion
ipr
bulk storage
distribution methods
e commerce services
order fulfilment
sustainable lifestyles
container load
eco fashion
distribution systems
freight companies
charter aircraft
last mile deliveries
modern retail
timely delivery
advanced tracking
global sourcing
digital twins
customs charge
supply chain delays
distribution warehouses
hs code
trucking companies
procurement processes
logistics expertise
last mile logistics
transport frigorifique
transportation management system
return shipping
logistics network
freight rates
full containers
real time tracking
supply chain expertise
lifestyle industry
tracking devices
cold chain operations
logisticians
value added tax identification number
container handling
fashion supply chain
efficient transportation
complex logistics
freighter aircraft
distributiecentrum
automotive parts
logistics provider
transportation option
inventory management system
logistics department
filiera logistica
retail needs
logistics team
parco logistico
industrial warehouse
spedizione internazionale
temperature requirements
fashion transparency index
shipping service
bonded warehouse
automobile production
logistics hubs
order management
warehouse stores
delivery success
bti
truckload freight
container monitoring
precise temperature control
brexit trade talks
customs service
shipping services
air carrier
autonomous drones
inventory storage
imported goods
luxury fashion industry
dichiarazioni doganali
customs paperwork
supply chain logistics
food logistics
third party logistics partners
courier delivery
fleet management system
complex supply chains
e commerce strategy
efficient supply chains
entry clearance
inventory systems
import tariff
supply chain traceability
air cargo rates
air cargo services
container shortages
intermodal transport
logistics expert
last mile delivery
tax identification number
air transport services
air freight rates
customs charges
cargo handling
best shipping companies
smart supply chain
modern warehouse
flexport
supply chain data
express logistics
brexit transition period
international logistics
import restrictions
export regulations
wheat supply
distribution operations
effective supply chain management
retail distribution
e logistics
land transportation
e commerce penetration
air transportation
delivery strategy
air freight costs
container space
container shipping companies
digital supply chain
vehicle logistics
inland location
road freight
warehousing operations
reliable shipping
goods transport
supply chain efficiencies
end logistics solutions
large cargo
slow fashion movement
cold chain transportation
customs regulations
solutions logistiques
refrigerated truck
sea containers
customs documents
customs formalities
air transportation services
green logistics
sustainable supply chains
mpf
autonomous trucks
agente aduanero
air transport services group
return order
nearshoring
e commerce systems
logistics system
stock inventory
import vat
air cargo operations
autonomous shipping
kerry logistics
centre logistique
customs duty tax
e commerce deliveries
inventory data
warehouse solutions
export duty
tms systems
maersk air
fleet management software
goods transportation
supply chain sustainability
smart warehouse
consumer packaged goods
british customs
farm2fork
import tariffs
lower shipping costs
inventory control system
storage temperature
logistics warehouse
logistica internazionale
consumer delivery
transport international
automated warehouse
air cargo capacity
reverse logistics
commodity code
perishable cargo
contraintes logistiques
e commerce supply chain strategy
inventory management software
transportlogistik
returns process
air transport association
grain supply
green shipping
customs declaration
retail warehouse
distribution service
technology components
logistics storage
logistics center
last mile delivery solution
sustainable fashion industry
logistics management
sustainable garments
warehouse control system
supply chain efficiency
supply chain planning
delivery speed
fmcg market
cargo transportation
shortage situation
eori number
fmcg
ecommerce orders
digital freight
transportation solutions
perishable food products
good inventory
accurate inventory
air charter
logistics jobs
storage warehouses
warehousing company
asset tracking
inventory surplus
fourth party logistics
frozen container
customs control
responsible supply chain
fast moving consumer goods sector
effective inventory management
freight charges
efficient inventory management
fmcg logistics
customs taxes
container transport
supply chain interruptions
cold chain storage
automobile parts
plateformes logistiques
retail channel
third party logistics company
invoice finance
sorting facilities
courier network
einfuhrumsatzsteuer
logistics problem
sustainability practices
reliable supply chain
international freight
applicable customs duty
flexible supply chain
fmcg products
fast fashion movement
e commerce vendors
private warehouse
air transport industry
shipping packages
existing warehouses
sustainable operations
logistics challenges
air cargo industry
product skus
distribution logistics
pharmaceutical goods
short sea shipping
warehouse locations
surplus inventory
supply chain managers
product returns
fashion production
overall inventory
inventory planning
logistics constraints
warehouse processes
warehouse functions
customs declaration form
warehouse inventory
supply chain vulnerabilities
complex supply chain
cold chain process
excise warehouse
ftas
cold chain equipment
bulk supply
transport fish
3pl warehouses
retail solutions
fmcg companies
air transport market
4pl
automotive supply chain
international shipments
charter operators
perpetual inventory system
third party logistics providers
complicated supply chain
customs warehouse
transport management system
auto components
ecommerce returns
multiple sourcing
retail supply chains
excise taxes
truck freight
fmcg sector
transportation delays
automotive solutions
periodic inventory system
commodity codes
sustainable transportation
export documents
logistics service provider
supply chain management software
inventory accuracy
e fulfilment
customs agency
customs brokerage
air shipping
air freight business
logistique internationale
global fast fashion
shipping goods
cross border transportation
e commerce logistics
e commerce experience
warehouse stock
responsible practices
sku numbers
storage storage
responsible sourcing
best inventory management software
cold storage facilities
international courier
air cargo demand
emcs
e commerce orders
port closures
customs declaration service
air carrier access act
reefer container
pc distribution
procurement management
logistics vehicles
global freight
delivery logistics
bulk wine
shipping warehouse
shipping quote
shipping carrier
maersk air cargo
ecom
circular supply chain
responsible supply chains
controlled atmosphere
cold chain management
corn supply
packaging distribution
omnichannel strategy
omnichannel retail
customs policy
air charters
cold storage facility
tech supply chain
containertransport
packaging solutions
e delivery
vegan fashion
reefer containers
integrated supply chain
last mile strategy
digital twin technology
customs inspection
cold chain infrastructure
carnet de passage
3pl
agile supply chain
gvms
consumer goods supply chain
automotive suppliers
logistiek nederland
supply chain shocks
cold chain transport
cold chain systems
cargo security
supply chain troubles
global delivery
customs tax
cross border deliveries
truck transport
fast moving consumer goods industry
warehouse operations
product delivery
supply chain risks
ncts
export administration regulations
automotive components
port congestions
customs modernization
pandemic related shutdowns
pharmaceutical logistics
customs broker
traditional air freight
freight forwarding
cold storage warehouse
retail process
production distribution
inventory control procedures
customs clearance process
vat information exchange system
tracking platform
sustainable supply chain
semiconductor chip supply
local tracking
inventory management systems
supply chain management companies
maersk group
short shelf lives
air freight companies
supply chain capability
global air cargo
automobile supply chain
air cargo transportation
electric vehicle supply chain
customs brokers
resilient supply chain
inventory assets
Kuehne + Nagel
Senator
Panalpina
entry summary clearance
Sanitary and Phytosanitary
Outward Processing Relief
Exit Summary Declaration
Export Accompanying Document
Common Entry Document
Authorised Economic Operator
Common Customs Tariff
Simplified Frontier Declaration
Inward Processing
Binding Tariff Information
Merchandise Processing Fee
Free trade agreements
responsible procurement
sustainable procurement
increase transport costs
Black Swan Event
Trucking costs
lorry fuel prices
lorry costs
